[[0, 1, 2, 3, 4, 5, 6, 7, 8, 9, 10, 11, ],
[6, 12, 13, 14, 15, 16, 17, 18, 19, 9, 8, 7, ],
[3, 20, 21, 22, 23, 24, 14, 13, 12, 6, 5, 4, ],
[17, 25, 26, 27, 28, 29, 0, 11, 10, 9, 19, 18, ],
[30, 31, 32, 33, 34, 35, 36, 37, 38, 39, 40, 41, ],
[42, 43, 44, 45, 46, 47, 48, 49, 50, 51, 52, 53, ],
[54, 55, 56, 45, 57, 58, 59, 60, 61, 22, 62, 63, ],
[33, 64, 65, 42, 53, 52, 51, 66, 67, 36, 35, 34, ],
[45, 56, 55, 54, 68, 69, 70, 71, 72, 48, 47, 46, ],
[14, 73, 74, 75, 76, 77, 78, 79, 80, 81, 82, 83, ],
[84, 85, 86, 87, 88, 89, 39, 38, 37, 36, 90, 91, ],
[54, 92, 93, 3, 94, 95, 96, 97, 98, 70, 69, 68, ],
[99, 100, 101, 75, 102, 103, 59, 104, 105, 42, 106, 107, ],
[78, 108, 109, 84, 110, 111, 51, 112, 113, 114, 115, 116, ],
[48, 72, 71, 70, 117, 118, 119, 120, 121, 114, 122, 123, ],
[0, 29, 28, 27, 124, 125, 119, 126, 127, 96, 128, 129, ],
[130, 131, 132, 99, 133, 134, 33, 32, 31, 30, 135, 136, ],
[119, 125, 124, 27, 26, 25, 17, 137, 138, 81, 139, 140, ],
[130, 136, 135, 30, 41, 40, 39, 89, 88, 87, 141, 142, ],
[78, 77, 76, 75, 143, 144, 130, 142, 141, 87, 145, 146, ]]
