[[0, 1, 2, 3, 4, 5, 6, 7, 8, 9, 10, 11, ],
[12, 13, 14, 15, 16, 17, 18, 19, 20, 21, 22, 23, ],
[18, 17, 16, 15, 24, 25, 3, 2, 1, 0, 26, 27, ],
[3, 25, 24, 15, 14, 13, 12, 28, 29, 6, 5, 4, ],
[21, 20, 19, 18, 27, 26, 0, 11, 10, 9, 30, 31, ],
[32, 33, 34, 35, 36, 37, 12, 23, 22, 21, 38, 39, ],
[40, 41, 42, 43, 44, 45, 46, 47, 48, 49, 50, 51, ],
[52, 53, 54, 55, 56, 57, 49, 48, 47, 46, 58, 59, ],
[9, 8, 7, 6, 60, 61, 62, 63, 64, 65, 66, 67, ],
[55, 54, 53, 52, 68, 69, 70, 71, 72, 73, 74, 75, ],
[35, 76, 77, 55, 75, 74, 73, 78, 79, 62, 80, 81, ],
[73, 72, 71, 70, 82, 83, 43, 42, 41, 40, 84, 85, ],
[49, 86, 87, 32, 88, 89, 65, 90, 91, 40, 51, 50, ],
[52, 59, 58, 46, 45, 44, 43, 83, 82, 70, 69, 68, ]]
