[[0, 1, 2, 3, 4, 5, 6, 7, 8, 9, 10, 11, ],
[12, 13, 14, 15, 16, 17, 18, 19, 20, 21, 22, 23, ],
[15, 24, 25, 0, 11, 10, 9, 26, 27, 18, 17, 16, ],
[28, 29, 30, 31, 32, 33, 34, 35, 36, 37, 38, 39, ],
[34, 33, 32, 31, 40, 41, 12, 23, 22, 21, 42, 43, ],
[6, 44, 45, 46, 47, 48, 49, 50, 51, 37, 52, 53, ],
[54, 55, 56, 3, 57, 58, 28, 59, 60, 61, 62, 63, ],
[31, 64, 65, 0, 25, 24, 15, 14, 13, 12, 41, 40, ],
[66, 67, 68, 54, 63, 62, 61, 69, 70, 71, 72, 73, ],
[18, 27, 26, 9, 74, 75, 34, 43, 42, 21, 20, 19, ],
[76, 77, 78, 66, 73, 72, 71, 79, 80, 81, 82, 83, ],
[76, 84, 85, 46, 86, 87, 54, 68, 67, 66, 78, 77, ],
[49, 88, 89, 81, 80, 79, 71, 70, 69, 61, 90, 91, ],
[46, 85, 84, 76, 83, 82, 81, 89, 88, 49, 48, 47, ]]
