[[0, 1, 2, 3, 4, 5, 6, 7, 8, 9, 10, 11, ],
[12, 13, 14, 15, 16, 17, 18, 19, 20, 21, 22, 23, ],
[6, 24, 25, 12, 23, 22, 21, 26, 27, 9, 8, 7, ],
[28, 29, 30, 31, 32, 33, 34, 35, 36, 37, 38, 39, ],
[40, 41, 42, 31, 30, 29, 28, 43, 44, 15, 45, 46, ],
[47, 48, 49, 50, 51, 52, 53, 54, 55, 56, 57, 58, ],
[53, 59, 60, 3, 2, 1, 0, 61, 62, 56, 55, 54, ],
[15, 44, 43, 28, 39, 38, 37, 63, 64, 18, 17, 16, ],
[50, 65, 66, 67, 68, 69, 3, 60, 59, 53, 52, 51, ],
[0, 70, 71, 72, 73, 74, 47, 58, 57, 56, 62, 61, ],
[67, 75, 76, 40, 77, 78, 12, 25, 24, 6, 79, 80, ],
[81, 82, 83, 72, 84, 85, 9, 27, 26, 21, 86, 87, ],
[37, 36, 35, 34, 88, 89, 81, 90, 91, 18, 64, 63, ],
[50, 49, 48, 47, 92, 93, 34, 33, 32, 31, 94, 95, ]]
