[[0, 1, 2, 3, 4, 5, 6, 7, 8, 9, 10, 11, ],
[12, 13, 14, 15, 16, 17, 18, 19, 20, 21, 22, 23, ],
[6, 24, 25, 12, 23, 22, 21, 26, 27, 9, 8, 7, ],
[28, 29, 30, 31, 32, 33, 18, 34, 35, 36, 37, 38, ],
[3, 39, 40, 15, 14, 13, 12, 25, 24, 6, 5, 4, ],
[41, 42, 43, 44, 45, 46, 47, 48, 49, 50, 51, 52, ],
[53, 54, 55, 56, 57, 58, 59, 60, 61, 62, 63, 64, ],
[47, 65, 66, 53, 64, 63, 62, 67, 68, 50, 49, 48, ],
[69, 70, 71, 72, 73, 74, 75, 76, 77, 78, 79, 80, ],
[62, 61, 60, 59, 81, 82, 41, 52, 51, 50, 68, 67, ],
[83, 84, 85, 86, 87, 88, 89, 90, 91, 92, 93, 94, ],
[95, 96, 97, 98, 99, 100, 101, 102, 103, 104, 105, 106, ],
[107, 108, 109, 86, 85, 84, 83, 110, 111, 112, 113, 114, ],
[115, 116, 117, 118, 119, 120, 121, 122, 123, 124, 125, 126, ],
[127, 128, 129, 130, 131, 132, 133, 134, 135, 136, 137, 138, ],
[139, 140, 141, 142, 143, 144, 145, 146, 147, 148, 149, 150, ],
[151, 152, 153, 154, 155, 156, 86, 157, 158, 159, 160, 161, ],
[136, 135, 134, 133, 162, 163, 164, 165, 166, 167, 168, 169, ],
[170, 171, 172, 53, 173, 174, 175, 176, 177, 178, 179, 180, ],
[127, 138, 137, 136, 181, 182, 183, 184, 185, 186, 187, 188, ],
[189, 190, 191, 107, 114, 113, 112, 192, 193, 194, 195, 196, ],
[130, 129, 128, 127, 188, 187, 186, 197, 198, 199, 200, 201, ],
[202, 203, 204, 178, 205, 206, 207, 208, 209, 210, 211, 212, ],
[47, 46, 45, 44, 213, 214, 207, 215, 216, 175, 217, 218, ],
[83, 94, 93, 92, 219, 220, 221, 222, 223, 194, 224, 225, ],
[167, 166, 165, 164, 226, 227, 228, 229, 230, 183, 231, 232, ],
[233, 234, 235, 236, 237, 238, 239, 240, 241, 28, 242, 243, ],
[244, 245, 246, 247, 248, 249, 250, 251, 252, 253, 254, 255, ],
[250, 249, 248, 247, 256, 257, 107, 191, 190, 189, 258, 259, ],
[260, 261, 262, 244, 255, 254, 253, 263, 264, 265, 266, 267, ],
[194, 223, 222, 221, 268, 269, 253, 252, 251, 250, 270, 271, ],
[101, 272, 273, 274, 275, 276, 277, 278, 279, 280, 281, 282, ],
[277, 276, 275, 274, 283, 284, 285, 286, 287, 199, 288, 289, ],
[164, 290, 291, 101, 282, 281, 280, 292, 293, 228, 227, 226, ],
[186, 185, 184, 183, 294, 295, 280, 279, 278, 277, 296, 297, ],
[298, 299, 300, 301, 302, 303, 304, 305, 306, 307, 308, 309, ],
[310, 311, 312, 313, 314, 315, 316, 317, 318, 31, 319, 320, ],
[301, 321, 322, 104, 323, 324, 164, 325, 326, 304, 303, 302, ],
[327, 328, 329, 115, 126, 125, 124, 330, 331, 107, 332, 333, ],
[334, 335, 336, 337, 338, 339, 340, 341, 342, 343, 344, 345, ],
[346, 347, 348, 236, 349, 350, 69, 80, 79, 78, 351, 352, ],
[21, 353, 354, 355, 356, 357, 139, 358, 359, 360, 361, 362, ],
[363, 364, 365, 0, 366, 367, 148, 368, 369, 75, 370, 371, ],
[372, 373, 374, 239, 375, 376, 346, 377, 378, 56, 379, 380, ],
[236, 235, 234, 233, 381, 382, 72, 71, 70, 69, 350, 349, ],
[145, 144, 143, 142, 383, 384, 385, 386, 387, 388, 389, 390, ],
[391, 392, 393, 343, 394, 395, 372, 396, 397, 398, 399, 400, ],
[260, 401, 402, 89, 403, 404, 154, 405, 406, 313, 407, 408, ],
[233, 409, 410, 36, 411, 412, 75, 74, 73, 72, 382, 381, ],
[207, 413, 414, 148, 415, 416, 417, 418, 419, 337, 420, 421, ],
[41, 82, 81, 59, 422, 423, 346, 424, 425, 426, 427, 428, ],
[148, 367, 366, 0, 11, 10, 9, 429, 430, 360, 431, 432, ],
[433, 434, 435, 244, 262, 261, 260, 408, 407, 313, 436, 437, ],
[433, 438, 439, 385, 440, 441, 327, 442, 443, 247, 444, 445, ],
[142, 446, 447, 355, 448, 449, 316, 450, 451, 151, 452, 453, ],
[121, 454, 455, 159, 456, 457, 107, 331, 330, 124, 123, 122, ],
[31, 458, 459, 372, 460, 461, 340, 462, 463, 464, 465, 466, ],
[301, 300, 299, 298, 467, 468, 202, 469, 470, 95, 471, 472, ],
[473, 474, 475, 307, 306, 305, 304, 326, 325, 164, 476, 477, ],
[118, 117, 116, 115, 478, 479, 385, 384, 383, 142, 480, 481, ],
[274, 482, 483, 98, 484, 485, 391, 486, 487, 285, 284, 283, ],
[391, 488, 489, 490, 491, 492, 130, 493, 494, 285, 487, 486, ],
[298, 309, 308, 307, 495, 496, 497, 498, 499, 202, 468, 467, ],
[121, 120, 119, 118, 481, 480, 142, 453, 452, 151, 500, 501, ],
[202, 212, 211, 210, 502, 503, 334, 504, 505, 95, 470, 469, ],
[44, 506, 507, 426, 508, 509, 78, 510, 511, 207, 214, 213, ],
[92, 91, 90, 89, 512, 513, 265, 514, 515, 221, 220, 219, ],
[15, 40, 39, 3, 516, 517, 363, 518, 519, 36, 520, 521, ],
[170, 522, 523, 202, 499, 498, 497, 524, 525, 398, 526, 527, ],
[417, 528, 529, 388, 530, 531, 310, 532, 533, 464, 534, 535, ],
[490, 536, 537, 497, 538, 539, 473, 540, 541, 133, 542, 543, ],
[417, 535, 534, 464, 463, 462, 340, 339, 338, 337, 419, 418, ],
[260, 261, 262, 244, 245, 246, 247, 256, 257, 107, 544, 545],
[260, 545, 544, 107, 108, 109, 86, 87, 88, 89, 402, 401],
[101, 272, 273, 274, 283, 284, 285, 546, 547, 164, 290, 291],
[285, 494, 493, 130, 131, 132, 133, 162, 163, 164, 547, 546] ]
