[[0, 1, 2, 3, 4, 5, 6, 7, 8, 9, 10, 11, ],
[12, 13, 14, 15, 16, 17, 18, 19, 20, 21, 22, 23, ],
[24, 25, 26, 27, 28, 29, 30, 31, 32, 0, 33, 34, ],
[35, 36, 37, 38, 39, 40, 41, 42, 43, 3, 44, 45, ],
[46, 47, 48, 6, 49, 50, 41, 51, 52, 53, 54, 55, ],
[38, 56, 57, 58, 59, 60, 61, 62, 63, 64, 65, 66, ],
[41, 40, 39, 38, 66, 65, 64, 67, 68, 53, 52, 51, ],
[69, 70, 71, 72, 73, 74, 21, 20, 19, 18, 75, 76, ],
[64, 63, 62, 61, 77, 78, 46, 55, 54, 53, 68, 67, ],
[79, 80, 81, 82, 83, 84, 72, 71, 70, 69, 85, 86, ],
[3, 2, 1, 0, 87, 88, 89, 90, 91, 92, 93, 94, ],
[92, 95, 96, 12, 23, 22, 21, 97, 98, 99, 100, 101, ],
[99, 102, 103, 104, 105, 106, 30, 107, 108, 35, 109, 110, ],
[35, 108, 107, 30, 111, 112, 113, 114, 115, 58, 116, 117, ],
[82, 81, 80, 79, 118, 119, 15, 14, 13, 12, 120, 121, ],
[82, 122, 123, 89, 124, 125, 104, 126, 127, 72, 84, 83, ],
[9, 128, 129, 130, 131, 132, 133, 134, 135, 24, 136, 137, ],
[138, 139, 140, 141, 142, 143, 113, 144, 145, 27, 146, 147, ],
[133, 148, 149, 138, 147, 146, 27, 26, 25, 24, 135, 134, ],
[46, 78, 77, 61, 150, 151, 141, 152, 153, 130, 154, 155, ],
[130, 153, 152, 141, 140, 139, 138, 149, 148, 133, 132, 131, ],
[79, 86, 85, 69, 76, 75, 18, 17, 16, 15, 119, 118, ]]
