12 13 14 15 
15 16 17 18 
21 22 23 12 
24 25 26 27 
15 30 31 32 
9 50 51 52 
58 67 68 52 
52 69 70 71 
71 72 73 61 
44 74 75 76 
76 77 78 79 
79 80 81 35 
21 82 83 84 
84 85 86 87 
90 91 92 21 
113 114 115 18 
18 116 117 96 
93 118 119 113 
47 120 121 101 
110 122 123 32 
71 139 140 131 
143 144 145 146 
47 149 150 12 
175 176 177 27 
27 178 179 143 
143 180 181 79 
146 189 190 3 
191 192 193 165 
159 194 195 113 
41 198 199 93 
87 200 201 44 
168 202 203 76 
84 206 207 162 
182 212 213 24 
35 214 215 90 
96 216 217 38 
61 218 219 110 
101 220 221 58 
38 222 223 175 
175 224 225 191 
191 226 227 41 
