[[0, 1, 2, 3, 4, 5, 6, 7, 8, 9, 10, 11, ],
[12, 13, 14, 15, 16, 17, 18, 19, 20, 21, 22, 23, ],
[24, 25, 26, 27, 28, 29, 15, 30, 31, 32, 33, 34, ],
[35, 36, 37, 38, 39, 40, 41, 42, 43, 44, 45, 46, ],
[47, 48, 49, 0, 11, 10, 9, 50, 51, 52, 53, 54, ],
[55, 56, 57, 58, 59, 60, 61, 62, 63, 64, 65, 66, ],
[58, 67, 68, 52, 69, 70, 71, 72, 73, 61, 60, 59, ],
[35, 46, 45, 44, 74, 75, 76, 77, 78, 79, 80, 81, ],
[21, 82, 83, 84, 85, 86, 87, 88, 89, 90, 91, 92, ],
[93, 94, 95, 96, 97, 98, 90, 89, 88, 87, 99, 100, ],
[101, 102, 103, 104, 105, 106, 107, 108, 109, 110, 111, 112, ],
[113, 114, 115, 18, 116, 117, 96, 95, 94, 93, 118, 119, ],
[47, 120, 121, 101, 112, 111, 110, 122, 123, 32, 124, 125, ],
[9, 8, 7, 6, 126, 127, 128, 129, 130, 131, 132, 133, ],
[134, 135, 136, 32, 137, 138, 71, 139, 140, 131, 141, 142, ],
[143, 144, 145, 146, 147, 148, 47, 149, 150, 12, 151, 152, ],
[104, 153, 154, 55, 66, 65, 64, 155, 156, 107, 106, 105, ],
[21, 20, 19, 18, 157, 158, 159, 160, 161, 162, 163, 164, ],
[165, 166, 167, 168, 169, 170, 162, 161, 160, 159, 171, 172, ],
[79, 173, 174, 175, 176, 177, 27, 178, 179, 143, 180, 181, ],
[182, 183, 184, 134, 142, 141, 131, 130, 129, 128, 185, 186, ],
[3, 187, 188, 182, 186, 185, 128, 127, 126, 6, 5, 4, ],
[146, 189, 190, 3, 2, 1, 0, 49, 48, 47, 148, 147, ],
[191, 192, 193, 165, 172, 171, 159, 194, 195, 113, 196, 197, ],
[41, 198, 199, 93, 100, 99, 87, 200, 201, 44, 43, 42, ],
[168, 202, 203, 76, 204, 205, 84, 206, 207, 162, 170, 169, ],
[175, 174, 173, 79, 208, 209, 168, 167, 166, 165, 210, 211, ],
[182, 212, 213, 24, 34, 33, 32, 136, 135, 134, 184, 183, ],
[38, 37, 36, 35, 214, 215, 90, 98, 97, 96, 216, 217, ],
[107, 156, 155, 64, 63, 62, 61, 218, 219, 110, 109, 108, ],
[55, 154, 153, 104, 103, 102, 101, 220, 221, 58, 57, 56, ],
[41, 40, 39, 38, 222, 223, 175, 224, 225, 191, 226, 227, ]]
