[[0, 1, 2, 3, 4, 5, 6, 7, 8, 9, 10, 11, ],
[3, 12, 13, 14, 15, 16, 17, 18, 19, 6, 5, 4, ],
[6, 19, 18, 17, 20, 21, 22, 23, 24, 25, 26, 27, ],
[9, 8, 7, 6, 27, 26, 25, 28, 29, 30, 31, 32, ],
[30, 29, 28, 25, 33, 34, 35, 36, 37, 38, 39, 40, ],
[25, 24, 23, 22, 41, 42, 43, 44, 45, 35, 34, 33, ],
[35, 45, 44, 43, 46, 47, 48, 49, 50, 51, 52, 53, ],
[38, 37, 36, 35, 53, 52, 51, 54, 55, 56, 57, 58, ],
[56, 55, 54, 51, 59, 60, 61, 62, 63, 64, 65, 66, ],
[51, 50, 49, 48, 67, 68, 69, 70, 71, 61, 60, 59, ],
[61, 71, 70, 69, 72, 73, 74, 75, 76, 77, 78, 79, ],
[64, 63, 62, 61, 79, 78, 77, 80, 81, 82, 83, 84, ],
[82, 81, 80, 77, 85, 86, 87, 88, 89, 90, 91, 92, ],
[77, 76, 75, 74, 93, 94, 95, 96, 97, 87, 86, 85, ],
[87, 97, 96, 95, 98, 99, 14, 13, 12, 3, 100, 101, ],
[90, 89, 88, 87, 101, 100, 3, 2, 1, 0, 102, 103, ],
[14, 99, 98, 95, 104, 105, 106, 107, 108, 17, 16, 15, ],
[95, 94, 93, 74, 73, 72, 69, 109, 110, 106, 105, 104, ],
[106, 110, 109, 69, 68, 67, 48, 47, 46, 43, 111, 112, ],
[17, 108, 107, 106, 112, 111, 43, 42, 41, 22, 21, 20, ],
[82, 92, 91, 90, 113, 114, 115, 116, 117, 64, 84, 83, ],
[90, 103, 102, 0, 11, 10, 9, 118, 119, 115, 114, 113, ],
[115, 119, 118, 9, 32, 31, 30, 40, 39, 38, 120, 121, ],
[64, 117, 116, 115, 121, 120, 38, 58, 57, 56, 66, 65, ]]
